Starting /home/wes/code/pathfinding/build/compiledBinary...
~~~~~~~~~~~~~~~~~~~distance~~~~~~~~~~~~~~~~~~~~~~~~~~~~~
   -1    -1    -1    -1    -1    -1    -1    -1    -1    -1    -1    -1    -1    -1    -1    -1    -1    -1    -1    -1 

   -1    -1    -1    -1    -1    -1    -1    -1    -1    -1    -1    -1    -1    -1    -1    -1    -1    -1    -1    -1 

   -1    -1    -1    -1    -1    -1    -1    -1    -1    -1    -1    -1    -1    -1    -1    -1    -1    -1    -1    -1 

   -1    -1    -1    -1    -1    -1    -1    -1    -1    -1    -1    -1    -1    -1    -1    -1    -1    -1    -1    -1 

   -1    -1    -1    -1    -1    -1    -1    -1    -1    -1    -1    -1    -1    -1    -1    -1    -1    -1    -1    -1 

   -1    -1    -1    -1    -1    -1    -1    -1    -1    -1    -1    -1    -1    -1    -1    -1    -1    -1    -1    -1 

   -1    -1    -1    -1    -1    -1     0    -1    -1    -1    -1    -1    -1    -1    -1    -1    -1    -1    -1    -1 

   -1    -1    -1    -1    -1    -1    -1    -1    -1    -1    -1    -1    -1    -1    -1    -1    -1    -1    -1    -1 

   -1    -1    -1    -1    -1    -1    -1    -1    -1    -1    -1    -1    -1    -1    -1    -1    -1    -1    -1    -1 

   -1    -1    -1    -1    -1    -1    -1    -1    -1    -1    -1    -1    -1    -1    -1    -1    -1    -1    -1    -1 

   -1    -1    -1    -1    -1    -1    -1    -1    -1    -1    -1    -1    -1    -1    -1    -1    -1    -1    -1    -1 

   -1    -1    -1    -1    -1    -1    -1    -1    -1    -1    -1    -1    -1    -1    -1    -1    -1    -1    -1    -1 

   -1    -1    -1    -1    -1    -1    -1    -1    -1    -1    -1    -1    -1    -1    -1    -1    -1    -1    -1    -1 

   -1    -1    -1    -1    -1    -1    -1    -1    -1    -1    -1    -1    -1    -1    -1    -1    -1    -1    -1    -1 

   -1    -1    -1    -1    -1    -1    -1    -1    -1    -1    -1    -1    -1    -1    -1    -1    -1    -1    -1    -1 

   -1    -1    -1    -1    -1    -1    -1    -1    -1    -1    -1    -1    -1    -1    -1    -1    -1    -1    -1    -1 

   -1    -1    -1    -1    -1    -1    -1    -1    -1    -1    -1    -1    -1    -1    -1    -1    -1    -1    -1    -1 

   -1    -1    -1    -1    -1    -1    -1    -1    -1    -1    -1    -1    -1    -1    -1    -1    -1    -1    -1    -1 

   -1    -1    -1    -1    -1    -1    -1    -1    -1    -1    -1    -1    -1    -1    -1    -1    -1    -1    -1    -1 

   -1    -1    -1    -1    -1    -1    -1    -1    -1    -1    -1    -1    -1    -1    -1    -1    -1    -1    -1    -1 

~~~~~~~~~~~~~~~~~visited~~~~~~~~~~~~~~~~~~~~~~~~~~~~~~~
1 1 1 1 1 1 1 1 1 1 1 1 1 1 1 1 1 1 1 1 
1 0 0 0 0 0 0 0 0 0 0 0 0 0 0 0 0 0 0 1 
1 0 0 0 0 0 0 0 0 0 0 0 0 0 0 0 0 0 0 1 
1 0 0 0 0 0 0 0 0 0 0 0 0 0 0 0 0 0 0 1 
1 0 0 0 0 0 0 0 0 0 0 0 0 0 0 0 0 0 0 1 
1 0 0 0 0 0 0 0 0 0 0 0 0 0 0 0 0 0 0 1 
1 0 0 0 0 0 0 0 0 0 0 0 0 0 0 0 0 0 0 1 
1 0 0 0 0 0 0 0 0 0 0 0 0 0 0 0 0 0 0 1 
1 0 0 0 0 0 0 0 0 0 0 0 0 0 0 0 0 0 0 1 
1 0 0 0 0 0 0 0 0 0 0 0 0 0 0 0 0 0 0 1 
1 0 0 0 0 0 0 0 0 0 0 0 0 0 0 0 0 0 0 1 
1 0 0 0 0 0 0 0 0 0 0 0 0 0 0 0 0 0 0 1 
1 0 0 0 0 0 0 0 0 0 0 0 0 0 0 0 0 0 0 1 
1 0 0 0 0 0 0 0 0 0 0 0 0 0 0 0 0 0 0 1 
1 0 0 0 0 0 0 0 0 0 0 0 0 0 0 0 0 0 0 1 
1 0 0 0 0 0 0 0 0 0 0 0 0 0 0 0 0 0 0 1 
1 0 0 0 0 0 0 0 0 0 0 0 0 0 0 0 0 0 0 1 
1 0 0 0 0 0 0 0 0 0 0 0 0 0 0 0 0 0 0 1 
1 0 0 0 0 0 0 0 0 0 0 0 0 0 0 0 0 0 0 1 
1 1 1 1 1 1 1 1 1 1 1 1 1 1 1 1 1 1 1 1 
~~~~~~~~~~~~~~~~~loc of previous~~~~~~~~~~~~~~~~~~~~~~~~~~~~~~~
 -1 -1  -1 -1  -1 -1  -1 -1  -1 -1  -1 -1  -1 -1  -1 -1  -1 -1  -1 -1  -1 -1  -1 -1  -1 -1  -1 -1  -1 -1  -1 -1  -1 -1  -1 -1  -1 -1  -1 -1 

 -1 -1  -1 -1  -1 -1  -1 -1  -1 -1  -1 -1  -1 -1  -1 -1  -1 -1  -1 -1  -1 -1  -1 -1  -1 -1  -1 -1  -1 -1  -1 -1  -1 -1  -1 -1  -1 -1  -1 -1 

 -1 -1  -1 -1  -1 -1  -1 -1  -1 -1  -1 -1  -1 -1  -1 -1  -1 -1  -1 -1  -1 -1  -1 -1  -1 -1  -1 -1  -1 -1  -1 -1  -1 -1  -1 -1  -1 -1  -1 -1 

 -1 -1  -1 -1  -1 -1  -1 -1  -1 -1  -1 -1  -1 -1  -1 -1  -1 -1  -1 -1  -1 -1  -1 -1  -1 -1  -1 -1  -1 -1  -1 -1  -1 -1  -1 -1  -1 -1  -1 -1 

 -1 -1  -1 -1  -1 -1  -1 -1  -1 -1  -1 -1  -1 -1  -1 -1  -1 -1  -1 -1  -1 -1  -1 -1  -1 -1  -1 -1  -1 -1  -1 -1  -1 -1  -1 -1  -1 -1  -1 -1 

 -1 -1  -1 -1  -1 -1  -1 -1  -1 -1  -1 -1  -1 -1  -1 -1  -1 -1  -1 -1  -1 -1  -1 -1  -1 -1  -1 -1  -1 -1  -1 -1  -1 -1  -1 -1  -1 -1  -1 -1 

 -1 -1  -1 -1  -1 -1  -1 -1  -1 -1  -1 -1  -1 -1  -1 -1  -1 -1  -1 -1  -1 -1  -1 -1  -1 -1  -1 -1  -1 -1  -1 -1  -1 -1  -1 -1  -1 -1  -1 -1 

 -1 -1  -1 -1  -1 -1  -1 -1  -1 -1  -1 -1  -1 -1  -1 -1  -1 -1  -1 -1  -1 -1  -1 -1  -1 -1  -1 -1  -1 -1  -1 -1  -1 -1  -1 -1  -1 -1  -1 -1 

 -1 -1  -1 -1  -1 -1  -1 -1  -1 -1  -1 -1  -1 -1  -1 -1  -1 -1  -1 -1  -1 -1  -1 -1  -1 -1  -1 -1  -1 -1  -1 -1  -1 -1  -1 -1  -1 -1  -1 -1 

 -1 -1  -1 -1  -1 -1  -1 -1  -1 -1  -1 -1  -1 -1  -1 -1  -1 -1  -1 -1  -1 -1  -1 -1  -1 -1  -1 -1  -1 -1  -1 -1  -1 -1  -1 -1  -1 -1  -1 -1 

 -1 -1  -1 -1  -1 -1  -1 -1  -1 -1  -1 -1  -1 -1  -1 -1  -1 -1  -1 -1  -1 -1  -1 -1  -1 -1  -1 -1  -1 -1  -1 -1  -1 -1  -1 -1  -1 -1  -1 -1 

 -1 -1  -1 -1  -1 -1  -1 -1  -1 -1  -1 -1  -1 -1  -1 -1  -1 -1  -1 -1  -1 -1  -1 -1  -1 -1  -1 -1  -1 -1  -1 -1  -1 -1  -1 -1  -1 -1  -1 -1 

 -1 -1  -1 -1  -1 -1  -1 -1  -1 -1  -1 -1  -1 -1  -1 -1  -1 -1  -1 -1  -1 -1  -1 -1  -1 -1  -1 -1  -1 -1  -1 -1  -1 -1  -1 -1  -1 -1  -1 -1 

 -1 -1  -1 -1  -1 -1  -1 -1  -1 -1  -1 -1  -1 -1  -1 -1  -1 -1  -1 -1  -1 -1  -1 -1  -1 -1  -1 -1  -1 -1  -1 -1  -1 -1  -1 -1  -1 -1  -1 -1 

 -1 -1  -1 -1  -1 -1  -1 -1  -1 -1  -1 -1  -1 -1  -1 -1  -1 -1  -1 -1  -1 -1  -1 -1  -1 -1  -1 -1  -1 -1  -1 -1  -1 -1  -1 -1  -1 -1  -1 -1 

 -1 -1  -1 -1  -1 -1  -1 -1  -1 -1  -1 -1  -1 -1  -1 -1  -1 -1  -1 -1  -1 -1  -1 -1  -1 -1  -1 -1  -1 -1  -1 -1  -1 -1  -1 -1  -1 -1  -1 -1 

 -1 -1  -1 -1  -1 -1  -1 -1  -1 -1  -1 -1  -1 -1  -1 -1  -1 -1  -1 -1  -1 -1  -1 -1  -1 -1  -1 -1  -1 -1  -1 -1  -1 -1  -1 -1  -1 -1  -1 -1 

 -1 -1  -1 -1  -1 -1  -1 -1  -1 -1  -1 -1  -1 -1  -1 -1  -1 -1  -1 -1  -1 -1  -1 -1  -1 -1  -1 -1  -1 -1  -1 -1  -1 -1  -1 -1  -1 -1  -1 -1 

 -1 -1  -1 -1  -1 -1  -1 -1  -1 -1  -1 -1  -1 -1  -1 -1  -1 -1  -1 -1  -1 -1  -1 -1  -1 -1  -1 -1  -1 -1  -1 -1  -1 -1  -1 -1  -1 -1  -1 -1 

 -1 -1  -1 -1  -1 -1  -1 -1  -1 -1  -1 -1  -1 -1  -1 -1  -1 -1  -1 -1  -1 -1  -1 -1  -1 -1  -1 -1  -1 -1  -1 -1  -1 -1  -1 -1  -1 -1  -1 -1 

~~~~~~~~~~~~~~~~~~~~~value:~~~~~~~~~~~~~~~~~~~~~~~~~~~~~~~~~~~
1 1 1 1 1 1 1 1 1 1 1 1 1 1 1 1 1 1 1 1 
1                                     1 
1                                     1 
1                                     1 
1                                     1 
1                                     1 
1           3                         1 
1                                     1 
1                                     1 
1                                     1 
1                                     1 
1                                     1 
1                                     1 
1                                     1 
1                                     1 
1             4                       1 
1                                     1 
1                                     1 
1                                     1 
1 1 1 1 1 1 1 1 1 1 1 1 1 1 1 1 1 1 1 1 
inside findpath method
Inside getAllActiveUnfinalized Method
main loop running
Inside getAllActiveUnfinalized Method
main loop running
Inside getAllActiveUnfinalized Method
main loop running
Inside getAllActiveUnfinalized Method
main loop running
Inside getAllActiveUnfinalized Method
main loop running
Inside getAllActiveUnfinalized Method
main loop running
Inside getAllActiveUnfinalized Method
main loop running
Inside getAllActiveUnfinalized Method
main loop running
Inside getAllActiveUnfinalized Method
main loop running
Inside getAllActiveUnfinalized Method
main loop running
Inside getAllActiveUnfinalized Method
main loop running
Inside getAllActiveUnfinalized Method
main loop running
Inside getAllActiveUnfinalized Method
main loop running
~~~~~~~~~~~~~~~~~~~distance~~~~~~~~~~~~~~~~~~~~~~~~~~~~~
   -1    -1    -1    -1    -1    -1    -1    -1    -1    -1    -1    -1    -1    -1    -1    -1    -1    -1    -1    -1 

   -1   0.4   1.4   2.4   3.4   4.4     5   5.4   5.8   6.2   6.6     7     8     9    10    11    12    13    14    -1 

   -1   1.4   1.8   2.8   3.8   4.4     4   4.4   4.8   5.2   5.6   6.6   7.6   8.6   9.6  10.6  11.6  12.6  13.6    -1 

   -1   2.4   2.8   3.2   3.8   3.4     3   3.4   3.8   4.2   5.2   6.2   7.2   8.2   9.2  10.2  11.2  12.2  13.2    -1 

   -1   3.4   3.8   3.8   2.8   2.4     2   2.4   2.8   3.8   4.8   5.8   6.8   7.8   8.8   9.8  10.8  11.8  12.8    -1 

   -1   4.4   4.4   3.4   2.4   1.4     1   1.4   2.4   3.4   4.4   5.4   6.4   7.4   8.4   9.4  10.4  11.4  12.4    -1 

   -1     5     4     3     2     1     0     1     2     3     4     5     6     7     8     9    10    11    12    -1 

   -1   5.4   4.4   3.4   2.4   1.4     1   1.4   2.4   3.4   4.4   5.4   6.4   7.4   8.4   9.4  10.4  11.4  12.4    -1 

   -1   5.8   4.8   3.8   2.8   2.4     2   2.4   2.8   3.8   4.8   5.8   6.8   7.8   8.8   9.8  10.8  11.8  12.8    -1 

   -1   6.2   5.2   4.2   3.8   3.4     3   3.4   3.8   4.2   5.2   6.2   7.2   8.2   9.2  10.2  11.2  12.2  13.2    -1 

   -1   6.6   5.6   5.2   4.8   4.4     4   4.4   4.8   5.2   5.6   6.6   7.6   8.6   9.6  10.6  11.6  12.6  13.6    -1 

   -1     7   6.6   6.2   5.8   5.4     5   5.4   5.8   6.2   6.6     7     8     9    10    11    12    13    14    -1 

   -1     8   7.6   7.2   6.8   6.4     6   6.4   6.8   7.2   7.6     8   8.4   9.4  10.4  11.4  12.4  13.4  14.4    -1 

   -1     9   8.6   8.2   7.8   7.4     7   7.4   7.8   8.2   8.6     9   9.4   9.8  10.8  11.8  12.8  13.8  14.8    -1 

   -1    10   9.6   9.2   8.8   8.4     8   8.4   8.8   9.2   9.6    10  10.4  10.8  11.2  12.2  13.2  14.2  15.2    -1 

   -1    11  10.6  10.2   9.8   9.4     9   9.4   9.8  10.2  10.6    11  11.4  11.8  12.2  12.6  13.6  14.6  15.6    -1 

   -1    12  11.6  11.2  10.8  10.4    10  10.4  10.8  11.2  11.6    12  12.4  12.8  13.2  13.6    14    15    16    -1 

   -1    13  12.6  12.2  11.8  11.4    11  11.4  11.8  12.2  12.6    13  13.4  13.8  14.2  14.6    15  15.4  16.4    -1 

   -1    14  13.6  13.2  12.8  12.4    12  12.4  12.8  13.2  13.6    14  14.4  14.8  15.2  15.6    16  16.4  16.8    -1 

   -1    -1    -1    -1    -1    -1    -1    -1    -1    -1    -1    -1    -1    -1    -1    -1    -1    -1    -1    -1 

~~~~~~~~~~~~~~~~~visited~~~~~~~~~~~~~~~~~~~~~~~~~~~~~~~
1 1 1 1 1 1 1 1 1 1 1 1 1 1 1 1 1 1 1 1 
1 1 1 1 1 1 1 1 1 1 1 1 1 1 1 1 1 1 1 1 
1 1 1 1 1 1 1 1 1 1 1 1 1 1 1 1 1 1 1 1 
1 1 1 1 1 1 1 1 1 1 1 1 1 1 1 1 1 1 1 1 
1 1 1 1 1 1 1 1 1 1 1 1 1 1 1 1 1 1 1 1 
1 1 1 1 1 1 1 1 1 1 1 1 1 1 1 1 1 1 1 1 
1 1 1 1 1 1 1 1 1 1 1 1 1 1 1 1 1 1 1 1 
1 1 1 1 1 1 1 1 1 1 1 1 1 1 1 1 1 1 1 1 
1 1 1 1 1 1 1 1 1 1 1 1 1 1 1 1 1 1 1 1 
1 1 1 1 1 1 1 1 1 1 1 1 1 1 1 1 1 1 1 1 
1 1 1 1 1 1 1 1 1 1 1 1 1 1 1 1 1 1 1 1 
1 1 1 1 1 1 1 1 1 1 1 1 1 1 1 1 1 1 1 1 
1 1 1 1 1 1 1 1 1 1 1 1 1 1 1 1 1 1 1 1 
1 1 1 1 1 1 1 1 1 1 1 1 1 1 1 1 1 1 1 1 
1 1 1 1 1 1 1 1 1 1 1 1 1 1 1 1 1 1 1 1 
1 1 1 1 1 1 1 1 1 1 1 1 1 1 1 1 1 1 1 1 
1 1 1 1 1 1 1 1 1 1 1 1 1 1 1 1 1 1 1 1 
1 1 1 1 1 1 1 1 1 1 1 1 1 1 1 1 1 1 1 1 
1 1 1 1 1 1 1 1 1 1 1 1 1 1 1 1 1 1 1 1 
1 1 1 1 1 1 1 1 1 1 1 1 1 1 1 1 1 1 1 1 
~~~~~~~~~~~~~~~~~loc of previous~~~~~~~~~~~~~~~~~~~~~~~~~~~~~~~
 -1 -1  -1 -1  -1 -1  -1 -1  -1 -1  -1 -1  -1 -1  -1 -1  -1 -1  -1 -1  -1 -1  -1 -1  -1 -1  -1 -1  -1 -1  -1 -1  -1 -1  -1 -1  -1 -1  -1 -1 

 -1 -1   0 0   1 1   1 2   1 3   1 4   2 6   2 6   2 8   2 8   2 9   2 10   1 11   1 12   1 13   1 14   1 15   1 16   1 17  -1 -1 

 -1 -1   1 1   1 1   2 2   2 3   3 5   3 6   3 6   3 7   3 8   3 9   2 10   2 11   2 12   2 13   2 14   2 15   2 16   2 17  -1 -1 

 -1 -1   2 1   2 2   2 2   4 4   4 5   4 6   4 6   4 7   4 8   3 9   3 10   3 11   3 12   3 13   3 14   3 15   3 16   3 17  -1 -1 

 -1 -1   3 1   3 2   4 4   5 5   5 5   5 6   5 6   5 7   4 8   4 9   4 10   4 11   4 12   4 13   4 14   4 15   4 16   4 17  -1 -1 

 -1 -1   4 1   5 3   5 4   5 5   6 6   6 6   6 6   5 7   5 8   5 9   5 10   5 11   5 12   5 13   5 14   5 15   5 16   5 17  -1 -1 

 -1 -1   6 2   6 3   6 4   6 5   6 6  -1 -1   6 6   6 7   6 8   6 9   6 10   6 11   6 12   6 13   6 14   6 15   6 16   6 17  -1 -1 

 -1 -1   6 2   6 3   6 4   6 5   6 6   6 6   6 6   6 7   6 8   6 9   6 10   6 11   6 12   6 13   6 14   6 15   6 16   6 17  -1 -1 

 -1 -1   8 2   7 3   7 4   7 5   7 5   7 6   7 6   7 7   7 8   7 9   8 10   8 11   8 12   7 13   7 14   7 15   7 16   7 17  -1 -1 

 -1 -1   8 2   8 3   8 4   8 4   8 5   8 6   8 6   8 7   8 8   8 9   8 10   8 11   8 12   8 13   9 14   9 15   9 16   9 17  -1 -1 

 -1 -1   9 2   9 3   9 3   9 4   9 5   9 6   9 6   9 7   9 8   9 9   9 10   9 11   9 12   9 13   9 14   9 15   9 16   9 17  -1 -1 

 -1 -1  10 2  10 2  10 3  10 4  10 5  10 6  10 6  10 8  10 8  10 9  10 10  10 11  10 12  10 13  10 14  10 15  10 16  10 17  -1 -1 

 -1 -1  11 1  11 2  11 3  11 4  11 5  11 6  11 6  11 8  11 8  11 9  11 10  11 11  11 12  11 13  11 14  11 15  11 16  11 17  -1 -1 

 -1 -1  12 1  12 2  12 3  12 4  12 5  12 6  12 6  12 8  12 8  12 9  12 10  12 11  12 12  12 13  12 14  12 15  12 16  12 17  -1 -1 

 -1 -1  13 1  13 2  13 3  13 4  13 5  13 6  13 6  13 7  13 8  13 9  13 10  13 11  13 12  13 13  13 14  13 15  13 16  13 17  -1 -1 

 -1 -1  14 1  14 2  14 3  14 4  14 5  14 6  14 6  14 7  14 9  14 9  14 10  14 11  14 12  14 13  14 14  14 15  14 16  14 17  -1 -1 

 -1 -1  15 1  15 2  15 3  15 4  15 5  15 6  15 6  15 7  15 9  15 9  15 10  15 11  15 12  15 13  15 14  15 15  15 16  15 17  -1 -1 

 -1 -1  16 1  16 2  16 3  16 4  16 5  16 6  16 6  16 7  16 9  16 9  16 10  16 11  16 12  16 13  16 14  16 15  16 16  16 17  -1 -1 

 -1 -1  17 1  17 2  17 3  17 4  17 5  17 6  17 6  17 7  17 9  17 9  17 10  17 11  17 12  17 13  17 14  17 15  17 16  17 17  -1 -1 

 -1 -1  -1 -1  -1 -1  -1 -1  -1 -1  -1 -1  -1 -1  -1 -1  -1 -1  -1 -1  -1 -1  -1 -1  -1 -1  -1 -1  -1 -1  -1 -1  -1 -1  -1 -1  -1 -1  -1 -1 

~~~~~~~~~~~~~~~~~~~~~value:~~~~~~~~~~~~~~~~~~~~~~~~~~~~~~~~~~~
1 1 1 1 1 1 1 1 1 1 1 1 1 1 1 1 1 1 1 1 
1                                     1 
1                                     1 
1                                     1 
1                                     1 
1                                     1 
1           3                         1 
1           2                         1 
1           2                         1 
1           2                         1 
1           2                         1 
1           2                         1 
1           2                         1 
1           2                         1 
1           2                         1 
1             4                       1 
1                                     1 
1                                     1 
1                                     1 
1 1 1 1 1 1 1 1 1 1 1 1 1 1 1 1 1 1 1 1 
/home/wes/code/pathfinding/build/compiledBinary exited with code 1
